


F_V = 50;
E_R = 2600;
k_0 = 1750;
beta = -1530;
alpha = 3;
Cf = 1;
Tf = 298;
Tc = 298;

